#quality score distribution of the homopolymer-length dependent 1st order Markov model
#format
#homopolymer_length	previous_base_position	previous_base_quality_score	observed_next_base_quality_scores...
#homopolymer_length	previous_base_position	previous_base_quality_score	frequency_observed_next_base_quality_scores...
2	1	16	2	3	4
2	1	16	68	139	284
2	1	17	2	3	4	5	6
2	1	17	28	64	107	409	522
2	1	18	4	5	6	7	8
2	1	18	3066	7830	4872	597	324
2	1	19	5	6	7	8	9
2	1	19	2937	5692	12690	407	796
2	1	20	5	6	8	9	10
2	1	20	1696	3793	15048	8653	981
2	1	21	7	8	9	10	11	12
2	1	21	4522	2519	9276	10684	628	1282
2	1	22	8	9	10	11	12	13	14
2	1	22	2670	2970	3159	25133	15105	1552	969
2	1	23	10	11	12	13	14	15
2	1	23	3536	3909	17383	20132	1040	1136
2	1	24	1	2	11	12	13	14	15	16
2	1	24	4	1	4544	11101	22552	55715	1246	3158
2	1	25	1	2	3	4	13	15	16	17
2	1	25	2	1	4	5	14071	72272	239	4157
2	1	26	1	2	3	4	5	6	14	15	16	17	18	19
2	1	26	10	57	78	41	3	1	8651	21003	44312	109551	5439	3253
2	1	27	2	3	4	5	6	7	8	16	17	18	19	20
2	1	27	3	9	31	103	40	12	5	27705	1	144712	4231	9160
2	1	28	5	6	7	8	9	10	17	19	20	21	22	24	25
2	1	28	5	74	148	6	9	6	37039	191666	117880	12168	7564	348	1517
2	1	29	6	7	8	9	10	11	18	19	20	21	22	23	25	26
2	1	29	4	28	195	188	16	25	48661	29966	136209	337484	18768	11678	2835	754
2	1	30	8	9	10	11	12	13	17	18	19	20	21	22	23	24	25	26
2	1	30	37	199	506	147	48	54	1	1	34764	40060	207429	238783	13214	32599	106	20362
2	1	31	10	11	12	13	14	15	17	20	21	22	23	24	25	26	27
2	1	31	126	843	980	33	142	118	13	46157	114858	269280	662077	417415	76991	130174	14703
2	1	32	11	12	13	14	15	16	17	18	22	23	24	25	26	27	28
2	1	32	150	780	2003	1845	56	118	367	1	151358	92286	948475	555592	211512	409216	104259
2	1	33	13	14	15	16	17	23	24	25	26	27	28
2	1	33	605	1913	5022	5282	2909	224722	134760	1284687	2338681	361635	220585
2	1	34	14	15	16	17	24	25	26	27	28
2	1	34	420	1508	2319	1110	151241	356258	863538	4542375	5304866
2	1	35	25	26	27	28
2	1	35	205877	725843	52044	3176054
2	1	36	27	28	29
2	1	36	1461483	633820	73390
2	1	37	28	29
2	1	37	1798955	1070084
3	1	28	24	25
3	1	28	1154	2880
3	1	29	25	26	27
3	1	29	81	3340	453
3	1	30	17	18	25	26	27	28
3	1	30	2	8	183	15299	4412	1114
3	1	31	18	19	20	25	26	27	28	29
3	1	31	2	7	20	2	50495	18683	8422	2348
3	1	32	17	18	19	20	21	22	23	27	28	29	30
3	1	32	120	239	43	9	25	23	1	51117	35369	11968	8156
3	1	33	17	18	19	20	22	26	27	28	29	30	31
3	1	33	19	51	326	323	1	5841	1531	68427	95589	25855	30161
3	1	34	18	19	20	21	22	23	27	28	29	30	31	32
3	1	34	25	103	223	813	949	49	14639	3112	83919	163618	51204	73936
3	1	35	20	21	22	23	28	29	30	31
3	1	35	114	219	396	103	22242	6271	138288	467684
3	1	36	21	22	23	29	30	31	32	33
3	1	36	59	387	200	33048	11040	118380	1075036	14368
3	1	37	30	31	32	33	34
3	1	37	56936	18488	163846	2955643	81
3	1	38	31	32	33	34
3	1	38	94765	61169	856	2839
3	1	39	32	33
3	1	39	148359	96105
3	1	40	33	34
3	1	40	274042	305339
3	1	41	34
3	1	41	709414
3	2	17	1	2
3	2	17	136	5
3	2	18	1	2	3	4
3	2	18	3	160	160	2
3	2	19	3	4	5
3	2	19	41	246	192
3	2	20	5	6	7
3	2	20	195	491	3
3	2	21	6	7	8	9
3	2	21	3	573	538	2
3	2	22	8	9	10	11	12
3	2	22	175	795	574	209	3
3	2	23	10	11	12
3	2	23	67	255	31
3	2	24	1	2
3	2	24	588	566
3	2	25	1	2	3	4	5
3	2	25	279	556	1114	1133	64
3	2	26	1	2	3	4	5	6	7
3	2	26	2802	28718	24677	15445	1820	1410	103
3	2	27	2	3	4	5	6	7	8
3	2	27	1531	7202	16183	46096	15570	2712	1541
3	2	28	5	6	7	8	9	10
3	2	28	14948	45611	68539	2347	5160	2081
3	2	29	6	7	8	9	10	11
3	2	29	6271	23466	105418	83699	5538	8751
3	2	30	8	9	10	11	12	13	17	18
3	2	30	22892	94561	218829	36881	15559	14754	373	44
3	2	31	10	11	12	13	14	15	16	17	18
3	2	31	61777	311299	326233	8669	34271	29971	996	7018	448
3	2	32	11	12	13	14	15	16	17	18
3	2	32	61169	272371	565968	475291	14047	41349	92039	112
3	2	33	12	13	14	15	16	17	18
3	2	33	4683	191228	492536	1084788	1046137	521580	62
3	2	34	14	15	16	17
3	2	34	110447	318051	395210	193965
4	1	31	22	23	24
4	1	31	1	2	1
4	1	32	22	23	30
4	1	32	3	11	2686
4	1	33	30	31	32
4	1	33	571	13529	976
4	1	34	22	23	24	32	33
4	1	34	33	401	261	40863	2081
4	1	35	24	33
4	1	35	24	356
4	1	36	23	24	32	33
4	1	36	119	106	131095	36265
4	1	37	33	34
4	1	37	245923	81733
4	1	38	34	35
4	1	38	762867	208250
4	1	39	35
4	1	39	41461
4	1	40	33	34
4	1	40	26828	13250
4	1	41	34	35
4	1	41	64413	17156
4	1	42	35	36
4	1	42	143428	23
4	1	43	36
4	1	43	241301
4	2	22	11	12
4	2	22	6	31
4	2	23	12	13	14	15
4	2	23	162	224	129	18
4	2	24	13	14	15
4	2	24	1	150	241
4	2	30	17	18	19
4	2	30	577	2582	98
4	2	31	17	18	19	20	22
4	2	31	32	941	5635	6845	76
4	2	32	17	18	19	20	21	22	23
4	2	32	26162	87464	17469	3788	18302	19309	440
4	2	33	17	18	19	20	22	23
4	2	33	7321	19691	118833	163171	1845	592
4	2	34	18	19	20	21	22	23
4	2	34	9351	45896	103896	384114	346438	32568
4	2	35	20	21	22	23	24
4	2	35	56447	104137	228061	21649	1
4	2	36	21	22	23
4	2	36	23593	166522	51209
4	3	11	1
4	3	11	6
4	3	12	1	2
4	3	12	122	71
4	3	13	2	3	4
4	3	13	67	141	17
4	3	14	3	4	5	6
4	3	14	10	129	139	1
4	3	15	5	6	7	8
4	3	15	29	149	77	4
4	3	17	1	2
4	3	17	31355	2737
4	3	18	1	2	3	4
4	3	18	972	53053	65896	108
4	3	19	2	3	4	5
4	3	19	6	16509	103645	67771
4	3	20	4	5	6	7
4	3	20	205	99848	223633	10461
4	3	21	6	7	8	9
4	3	21	3035	262133	264341	637
4	3	22	8	9	10	11	12
4	3	22	76994	359714	265148	58851	1544
4	3	23	9	10	11	12
4	3	23	18	18047	81268	7125
4	3	24	12
4	3	24	1
5	1	31	23
5	1	31	3
5	1	33	23	24	31	32
5	1	33	28	39	3155	4952
5	1	34	23	24	32	33
5	1	34	16	47	8458	4
5	1	35	24
5	1	35	52
5	1	38	33	34	35
5	1	38	62	340099	19
5	1	39	34	35
5	1	39	67416	5085
5	1	43	35	36
5	1	43	4671	40874
5	1	44	35	36
5	1	44	15111	78314
5	2	23	15	16	17
5	2	23	19	25	3
5	2	24	15	16	17
5	2	24	14	106	18
5	2	31	22	23	24
5	2	31	1086	2036	33
5	2	32	22	23	24
5	2	32	891	11252	1267
5	2	33	23
5	2	33	66
5	2	34	22	23	24
5	2	34	5956	226226	175333
5	2	35	23	24
5	2	35	4770	20116
5	2	36	23	24
5	2	36	60485	58703
5	3	15	7	8
5	3	15	10	23
5	3	16	8	9	10	11
5	3	16	33	51	46	1
5	3	17	10	11
5	3	17	7	14
5	3	22	10	11	12	13
5	3	22	3	1643	6189	98
5	3	23	11	12	13	14	15
5	3	23	107	71790	132837	95223	4878
5	3	24	13	14	15	16
5	3	24	54	95123	154342	5933
5	4	7	1
5	4	7	10
5	4	8	1	2
5	4	8	38	18
5	4	9	1	2	3
5	4	9	2	26	23
5	4	10	1	3	4	5
5	4	10	3	8	38	7
5	4	11	1	2	5
5	4	11	1738	12	15
5	4	12	1	2	3
5	4	12	46162	31530	287
5	4	13	1	2	3	4	5
5	4	13	64	39472	84550	8880	23
5	4	14	2	3	4	5	6	7
5	4	14	7	7032	100595	81781	913	18
5	4	15	4	5	6	7	8
5	4	15	30	28804	85912	41908	2566
5	4	16	6	7	8	9
5	4	16	7	3810	2113	3
6	1	32	22	23	30	31
6	1	32	1	10	562	522
6	1	33	23	24	31	32
6	1	33	12	3	2501	15
6	1	34	23
6	1	34	4
6	1	37	32
6	1	37	11
6	1	38	32	33	34
6	1	38	10	44603	44794
6	1	39	33	34
6	1	39	9	2996
6	1	44	34	35	36
6	1	44	4696	26914	2
6	1	45	35
6	1	45	11
6	2	22	16
6	2	22	1
6	2	23	16	17
6	2	23	10	16
6	2	24	17
6	2	24	3
6	2	30	22	23
6	2	30	3	559
6	2	31	23	24
6	2	31	2624	399
6	2	32	23	24
6	2	32	21	15
6	2	33	23	24
6	2	33	13145	31467
6	2	34	23	24
6	2	34	5216	47270
6	2	35	24
6	2	35	26925
6	2	36	24
6	2	36	2
6	3	16	11	12
6	3	16	9	2
6	3	17	11	12
6	3	17	17	2
6	3	22	16
6	3	22	3
6	3	23	14	15	16	17
6	3	23	6	6883	12865	1811
6	3	24	15	16	17
6	3	24	6991	77609	21478
6	4	11	6	7
6	4	11	19	7
6	4	12	7	8
6	4	12	1	3
6	4	14	6	7
6	4	14	2	4
6	4	15	7	8	9
6	4	15	4104	9685	85
6	4	16	7	8	9	10	11
6	4	16	55	22314	40268	26660	1180
6	4	17	9	10	11	12
6	4	17	22	11391	11870	6
6	5	6	1
6	5	6	21
6	5	7	1	2
6	5	7	4162	9
6	5	8	1	2	3
6	5	8	22586	9395	21
6	5	9	1	2	3	4
6	5	9	1508	21204	17247	416
6	5	10	2	3	4	5	6
6	5	10	81	11749	20606	5602	13
6	5	11	3	4	5	6
6	5	11	2	1730	10272	1046
6	5	12	5	6
6	5	12	2	4
7	1	30	28
7	1	30	1
7	1	31	22	28	29	30
7	1	31	1	5	374	8
7	1	32	29	30	31
7	1	32	21	644	6
7	1	33	31
7	1	33	2
7	1	37	31	32
7	1	37	502	2273
7	1	38	32	33
7	1	38	11932	11627
7	1	39	33	34
7	1	39	21	6
7	1	44	32	33	34
7	1	44	24	1130	4390
7	1	45	32	33	34
7	1	45	33	3321	245
7	2	22	16
7	2	22	1
7	2	28	21	22
7	2	28	1	5
7	2	29	22	23
7	2	29	324	71
7	2	30	22	23
7	2	30	2	650
7	2	31	22	23	24
7	2	31	502	6	2
7	2	32	22	23
7	2	32	818	13444
7	2	33	22	23	24
7	2	33	114	13722	2263
7	2	34	23	24
7	2	34	4635	6
7	3	16	12
7	3	16	1
7	3	21	16
7	3	21	1
7	3	22	16	17
7	3	22	1603	162
7	3	23	16	17
7	3	23	6704	25824
7	3	24	17
7	3	24	2271
7	4	12	8
7	4	12	1
7	4	16	10	11	12
7	4	16	31	5562	2715
7	4	17	10	11	12	13
7	4	17	1	16302	11950	4
7	5	8	5
7	5	8	1
7	5	10	5	6
7	5	10	16	16
7	5	11	5	6	7	8
7	5	11	1041	14423	6365	35
7	5	12	5	6	7	8	9
7	5	12	3	781	8051	5829	1
7	5	13	8
7	5	13	4
7	6	5	1
7	6	5	1061
7	6	6	1	2
7	6	6	14745	475
7	6	7	1	2	3	4
7	6	7	1520	10167	2624	105
7	6	8	2	3	4
7	6	8	1	4431	1436
7	6	9	4
7	6	9	1
8	1	28	20
8	1	28	1
8	1	29	27
8	1	29	16
8	1	30	27	28
8	1	30	34	119
8	1	31	28	29
8	1	31	49	68
8	1	36	29	30
8	1	36	30	294
8	1	37	30	31	32
8	1	37	1681	4569	92
8	1	38	31	32
8	1	38	152	469
8	1	44	31	32
8	1	44	866	1075
8	1	45	32
8	1	45	535
8	2	20	14
8	2	20	1
8	2	27	20	21
8	2	27	15	35
8	2	28	21	22
8	2	28	93	75
8	2	29	20	21	22
8	2	29	19	11	68
8	2	30	21	22
8	2	30	1809	166
8	2	31	21	22
8	2	31	617	4970
8	2	32	22	23
8	2	32	1798	373
8	3	14	11
8	3	14	1
8	3	20	15
8	3	20	34
8	3	21	15	16
8	3	21	624	1941
8	3	22	16	17
8	3	22	6725	352
8	3	23	17
8	3	23	373
8	4	11	8
8	4	11	1
8	4	15	11	12
8	4	15	504	154
8	4	16	11	12
8	4	16	343	8323
8	4	17	12	13
8	4	17	721	4
8	5	8	6
8	5	8	1
8	5	11	7	8	9
8	5	11	33	801	13
8	5	12	7	8	9
8	5	12	2	7305	1891
8	5	13	8	9
8	5	13	3	1
8	6	6	3
8	6	6	1
8	6	7	3	4
8	6	7	4	31
8	6	8	3	4	5	6
8	6	8	21	4472	3600	16
8	6	9	4	5	6
8	6	9	5	1569	331
8	7	3	1
8	7	3	26
8	7	4	1
8	7	4	4508
8	7	5	1	2	3
8	7	5	2754	2400	15
8	7	6	2	3
8	7	6	327	20
9	1	28	25	26
9	1	28	9	21
9	1	29	26	27
9	1	29	28	40
9	1	30	27
9	1	30	3
9	1	35	27	28
9	1	35	9	89
9	1	36	28	29	30
9	1	36	474	1257	123
9	1	37	29	30
9	1	37	38	342
9	1	44	28	29	30	31
9	1	44	24	276	499	14
9	2	25	18	19
9	2	25	1	8
9	2	26	19	20
9	2	26	28	21
9	2	27	19	20	21
9	2	27	9	37	6
9	2	28	19	20
9	2	28	383	204
9	2	29	19	20	21
9	2	29	92	1204	275
9	2	30	20	21
9	2	30	243	721
9	2	31	21
9	2	31	14
9	3	18	14
9	3	18	1
9	3	19	13	14	15
9	3	19	3	513	4
9	3	20	14	15
9	3	20	271	1438
9	3	21	15	16
9	3	21	853	163
9	4	13	10
9	4	13	3
9	4	14	10	11
9	4	14	87	698
9	4	15	11	12
9	4	15	1919	376
9	4	16	12
9	4	16	163
9	5	10	8
9	5	10	90
9	5	11	8	9
9	5	11	2191	426
9	5	12	8	9
9	5	12	30	509
9	6	8	5	6
9	6	8	159	2152
9	6	9	5	6
9	6	9	3	932
9	7	5	2	3
9	7	5	144	18
9	7	6	2	3	4
9	7	6	198	2462	424
9	8	2	1
9	8	2	342
9	8	3	1
9	8	3	2480
9	8	4	1	2
9	8	4	413	11
10	1	26	23
10	1	26	1
10	1	27	24	25
10	1	27	10	3
10	1	28	25
10	1	28	15
10	1	34	25	26
10	1	34	6	23
10	1	35	26	27	28
10	1	35	146	387	59
10	1	36	27	28
10	1	36	7	102
10	1	43	26	27
10	1	43	15	31
10	1	44	26	27	28
10	1	44	2	49	139
10	2	23	17
10	2	23	1
10	2	24	17	18
10	2	24	4	6
10	2	25	17	18	19
10	2	25	6	7	11
10	2	26	17	18
10	2	26	81	105
10	2	27	17	18	19
10	2	27	9	314	151
10	2	28	18	19
10	2	28	31	269
10	3	17	12	13
10	3	17	49	52
10	3	18	13	14
10	3	18	452	11
10	3	19	13	14
10	3	19	11	420
10	4	12	9
10	4	12	49
10	4	13	9	10
10	4	13	60	455
10	4	14	10	11
10	4	14	314	117
10	5	9	7
10	5	9	109
10	5	10	7	8
10	5	10	150	619
10	5	11	8
10	5	11	117
10	6	7	5	6
10	6	7	143	116
10	6	8	6
10	6	8	736
10	7	5	3	4
10	7	5	1	142
10	7	6	3	4
10	7	6	6	846
10	8	3	1	2
10	8	3	6	1
10	8	4	1	2
10	8	4	122	866
10	9	1	1
10	9	1	128
10	9	2	1
10	9	2	867
11	1	25	22
11	1	25	2
11	1	26	23
11	1	26	9
11	1	27	24
11	1	27	1
11	1	33	24
11	1	33	9
11	1	34	24	25	26
11	1	34	61	146	21
11	1	35	25	26
11	1	35	2	17
11	1	43	24	25	26
11	1	43	7	30	29
11	2	22	15
11	2	22	2
11	2	23	16	17
11	2	23	7	2
11	2	24	15	16	17
11	2	24	26	51	1
11	2	25	16	17
11	2	25	107	71
11	2	26	17	18
11	2	26	66	1
11	3	15	11
11	3	15	28
11	3	16	11	12
11	3	16	105	60
11	3	17	12	13
11	3	17	138	2
11	3	18	13
11	3	18	1
11	4	11	8	9
11	4	11	129	4
11	4	12	8	9
11	4	12	1	197
11	4	13	9	10
11	4	13	1	2
11	5	8	6
11	5	8	130
11	5	9	6	7
11	5	9	5	197
11	5	10	7
11	5	10	2
11	6	6	4	5
11	6	6	6	129
11	6	7	5	6
11	6	7	198	1
11	7	4	3
11	7	4	6
11	7	5	3	4
11	7	5	92	235
11	7	6	4
11	7	6	1
11	8	3	2
11	8	3	98
11	8	4	2	3
11	8	4	235	1
11	9	2	1
11	9	2	333
11	9	3	1
11	9	3	1
11	10	1	1
11	10	1	334
12	1	25	21	22
12	1	25	1	2
12	1	33	22	23	24
12	1	33	14	48	5
12	1	34	23	24
12	1	34	1	18
12	1	43	22	23	24
12	1	43	2	8	19
12	2	21	14
12	2	21	1
12	2	22	14	15
12	2	22	16	2
12	2	23	14	15
12	2	23	30	27
12	2	24	15	16
12	2	24	41	1
12	3	14	9	10
12	3	14	12	35
12	3	15	10	11
12	3	15	45	25
12	3	16	11
12	3	16	1
12	4	9	6	7
12	4	9	3	9
12	4	10	7	8
12	4	10	64	16
12	4	11	8
12	4	11	26
12	5	6	5
12	5	6	3
12	5	7	5	6
12	5	7	54	19
12	5	8	6
12	5	8	42
12	6	5	3	4
12	6	5	1	56
12	6	6	4	5
12	6	6	56	5
12	7	3	3
12	7	3	1
12	7	4	3
12	7	4	112
12	7	5	3
12	7	5	5
12	8	3	2
12	8	3	118
12	9	2	1
12	9	2	118
12	10	1	1
12	10	1	118
12	11	1	1
12	11	1	118
13	1	23	19	20
13	1	23	1	1
13	1	24	20
13	1	24	1
13	1	32	21
13	1	32	3
13	1	33	21	22
13	1	33	14	19
13	1	43	21	22
13	1	43	3	7
13	2	19	12
13	2	19	1
13	2	20	13
13	2	20	2
13	2	21	12	13
13	2	21	4	16
13	2	22	13	14
13	2	22	21	5
13	3	12	8
13	3	12	5
13	3	13	8	9
13	3	13	7	32
13	3	14	9
13	3	14	5
13	4	8	5	6
13	4	8	2	10
13	4	9	6	7
13	4	9	35	2
13	5	5	4
13	5	5	2
13	5	6	4	5
13	5	6	32	13
13	5	7	5
13	5	7	2
13	6	4	3
13	6	4	34
13	6	5	3	4
13	6	5	12	3
13	7	3	2	3
13	7	3	42	4
13	7	4	3
13	7	4	3
13	8	2	1	2
13	8	2	8	34
13	8	3	2
13	8	3	7
13	9	1	1
13	9	1	8
13	9	2	1
13	9	2	41
13	10	1	1
13	10	1	49
13	11	1	1
13	11	1	49
13	12	1	1
13	12	1	49
14	1	23	18
14	1	23	1
14	1	32	19	20
14	1	32	1	10
14	1	33	21
14	1	33	2
14	1	43	20
14	1	43	2
14	2	18	11
14	2	18	1
14	2	19	11
14	2	19	1
14	2	20	11	12
14	2	20	5	7
14	2	21	12
14	2	21	2
14	3	11	7
14	3	11	7
14	3	12	7	8
14	3	12	2	7
14	4	7	5
14	4	7	9
14	4	8	5
14	4	8	7
14	5	5	3	4
14	5	5	11	5
14	6	3	2
14	6	3	11
14	6	4	2	3
14	6	4	1	4
14	7	2	1	2
14	7	2	6	6
14	7	3	2
14	7	3	4
14	8	1	1
14	8	1	6
14	8	2	1
14	8	2	10
14	9	1	1
14	9	1	16
14	10	1	1
14	10	1	16
14	11	1	1
14	11	1	16
14	12	1	1
14	12	1	16
14	13	1	1
14	13	1	16
15	1	32	19
15	1	32	5
15	1	43	19	20
15	1	43	2	1
15	2	19	10	11
15	2	19	2	5
15	2	20	11
15	2	20	1
15	3	10	6
15	3	10	2
15	3	11	6	7
15	3	11	1	5
15	4	6	4
15	4	6	3
15	4	7	4
15	4	7	5
15	5	4	2	3
15	5	4	2	6
15	6	2	1	2
15	6	2	1	1
15	6	3	2
15	6	3	6
15	7	1	1
15	7	1	1
15	7	2	1
15	7	2	7
15	8	1	1
15	8	1	8
15	9	1	1
15	9	1	8
15	10	1	1
15	10	1	8
15	11	1	1
15	11	1	8
15	12	1	1
15	12	1	8
15	13	1	1
15	13	1	8
15	14	1	1
15	14	1	8
16	1	32	18
16	1	32	1
16	2	18	10
16	2	18	1
16	3	10	6
16	3	10	1
16	4	6	4
16	4	6	1
16	5	4	2
16	5	4	1
16	6	2	1
16	6	2	1
16	7	1	1
16	7	1	1
16	8	1	1
16	8	1	1
16	9	1	1
16	9	1	1
16	10	1	1
16	10	1	1
16	11	1	1
16	11	1	1
16	12	1	1
16	12	1	1
16	13	1	1
16	13	1	1
16	14	1	1
16	14	1	1
16	15	1	1
16	15	1	1
17	1	33	18
17	1	33	1
17	2	18	10
17	2	18	1
17	3	10	6
17	3	10	1
17	4	6	3
17	4	6	1
17	5	3	2
17	5	3	1
17	6	2	1
17	6	2	1
17	7	1	1
17	7	1	1
17	8	1	1
17	8	1	1
17	9	1	1
17	9	1	1
17	10	1	1
17	10	1	1
17	11	1	1
17	11	1	1
17	12	1	1
17	12	1	1
17	13	1	1
17	13	1	1
17	14	1	1
17	14	1	1
17	15	1	1
17	15	1	1
17	16	1	1
17	16	1	1
18	1	33	17
18	1	33	1
18	2	17	9
18	2	17	1
18	3	9	5
18	3	9	1
18	4	5	3
18	4	5	1
18	5	3	1
18	5	3	1
18	6	1	1
18	6	1	1
18	7	1	1
18	7	1	1
18	8	1	1
18	8	1	1
18	9	1	1
18	9	1	1
18	10	1	1
18	10	1	1
18	11	1	1
18	11	1	1
18	12	1	1
18	12	1	1
18	13	1	1
18	13	1	1
18	14	1	1
18	14	1	1
18	15	1	1
18	15	1	1
18	16	1	1
18	16	1	1
18	17	1	1
18	17	1	1
21	1	35	16
21	1	35	1
21	2	16	8
21	2	16	1
21	3	8	4
21	3	8	1
21	4	4	2
21	4	4	1
21	5	2	1
21	5	2	1
21	6	1	1
21	6	1	1
21	7	1	1
21	7	1	1
21	8	1	1
21	8	1	1
21	9	1	1
21	9	1	1
21	10	1	1
21	10	1	1
21	11	1	1
21	11	1	1
21	12	1	1
21	12	1	1
21	13	1	1
21	13	1	1
21	14	1	1
21	14	1	1
21	15	1	1
21	15	1	1
21	16	1	1
21	16	1	1
21	17	1	1
21	17	1	1
21	18	1	1
21	18	1	1
21	19	1	1
21	19	1	1
21	20	1	1
21	20	1	1
28	1	39	15
28	1	39	1
28	2	15	7
28	2	15	1
28	3	7	4
28	3	7	1
28	4	4	2
28	4	4	1
28	5	2	1
28	5	2	1
28	6	1	1
28	6	1	1
28	7	1	1
28	7	1	1
28	8	1	1
28	8	1	1
28	9	1	1
28	9	1	1
28	10	1	1
28	10	1	1
28	11	1	1
28	11	1	1
28	12	1	1
28	12	1	1
28	13	1	1
28	13	1	1
28	14	1	1
28	14	1	1
28	15	1	1
28	15	1	1
28	16	1	1
28	16	1	1
28	17	1	1
28	17	1	1
28	18	1	1
28	18	1	1
28	19	1	1
28	19	1	1
28	20	1	1
28	20	1	1
28	21	1	1
28	21	1	1
28	22	1	1
28	22	1	1
28	23	1	1
28	23	1	1
28	24	1	1
28	24	1	1
28	25	1	1
28	25	1	1
28	26	1	1
28	26	1	1
28	27	1	1
28	27	1	1
31	1	41	14
31	1	41	2
31	2	14	7
31	2	14	2
31	3	7	3
31	3	7	2
31	4	3	1
31	4	3	2
31	5	1	1
31	5	1	2
31	6	1	1
31	6	1	2
31	7	1	1
31	7	1	2
31	8	1	1
31	8	1	2
31	9	1	1
31	9	1	2
31	10	1	1
31	10	1	2
31	11	1	1
31	11	1	2
31	12	1	1
31	12	1	2
31	13	1	1
31	13	1	2
31	14	1	1
31	14	1	2
31	15	1	1
31	15	1	2
31	16	1	1
31	16	1	2
31	17	1	1
31	17	1	2
31	18	1	1
31	18	1	2
31	19	1	1
31	19	1	2
31	20	1	1
31	20	1	2
31	21	1	1
31	21	1	2
31	22	1	1
31	22	1	2
31	23	1	1
31	23	1	2
31	24	1	1
31	24	1	2
31	25	1	1
31	25	1	2
31	26	1	1
31	26	1	2
31	27	1	1
31	27	1	2
31	28	1	1
31	28	1	2
31	29	1	1
31	29	1	2
31	30	1	1
31	30	1	2
*this is the end of the profile
