#homopolymer-length dependent quality score distribution of the 1st-base of homopolymer runs 
#
#lenth_of_homopolymer quality_score 
#lenth_of_homopolymer frequency_of_quality_score 
1	0	2	3	4	5	6	7	8	9	10	11	12	13	14	15	16	17	18	19	20	21	22	23	24	25	26	27	28	29
1	22087	85	2579	11536	20551	26545	28446	26695	45654	36660	30935	64766	57117	59947	79074	198445	374207	373069	439749	989206	1067501	1598774	3318178	3781533	7839932	14187500	38833367	37936667	10426
2	16	17	18	19	20	21	22	23	24	25	26	27	28	29	30	31	32	33	34	35	36	37
2	491	1130	16689	22522	30171	28911	51558	47136	98321	90751	192399	186012	368430	586811	588310	1733910	2478018	4580801	11223635	4159818	2168693	2869039
3	28	29	30	31	32	33	34	35	36	37	38	39	40	41
3	4034	3874	21018	79979	107070	228124	392590	635317	1252518	3194994	159629	244464	579381	709414
4	31	32	33	34	35	36	37	38	39	40	41	42	43
4	4	2700	15076	43639	380	167585	327656	971117	41461	40078	81569	143451	241301
5	31	33	34	35	38	39	43	44
5	3	8174	8525	52	340180	72501	45545	93425
6	32	33	34	37	38	39	44	45
6	1095	2531	4	11	89407	3005	31612	11
7	30	31	32	33	37	38	39	44	45
7	1	388	671	2	2775	23559	27	5544	3599
8	28	29	30	31	36	37	38	44	45
8	1	16	153	117	324	6342	621	1941	535
9	28	29	30	35	36	37	44
9	30	68	3	98	1854	380	813
10	26	27	28	34	35	36	43	44
10	1	13	15	29	592	109	46	190
11	25	26	27	33	34	35	43
11	2	9	1	9	228	19	66
12	25	33	34	43
12	3	67	19	29
13	23	24	32	33	43
13	2	1	3	33	10
14	23	32	33	43
14	1	11	2	2
15	32	43
15	5	3
16	32
16	1
17	33
17	1
18	33
18	1
*this is the end of the profile
